       match_id    n  best_shift  nw_adv_mae  xp_mismatch       xp_mae  deaths_mae    top1_mae  paused_pct
0    8974185539    0         NaN         NaN          NaN          NaN         NaN         NaN         NaN
1    8974647733   79        -1.0        24.0     0.088608    42.025316    0.037975    8.734177    0.025316
2    8974786650   83        -1.0        21.2     0.024096    17.349398    0.060241    9.939759    0.012048
3    8974985429   79        -1.0        16.6     0.139241    75.443038    0.000000    6.000000    0.012658
4    8975110449   69        -1.0       597.3     0.043478    17.971014    0.057971    8.318841    0.000000
5    8975871235   88        -1.0        17.6     0.022727     8.636364    0.068182    3.090909    0.000000
6    8976012755   73        -1.0        22.3     0.178082   112.876712    0.041096    7.547945    0.013699
7    8976166971   91        -1.0        12.3     0.098901    67.912088    0.054945    4.043956    0.000000
8    8976300473   65        -1.0        19.0     0.123077    67.692308    0.015385    6.184615    0.000000
9    8976441468   75        -1.0        26.0     0.200000   118.133333    0.053333   11.760000    0.026667
10   8976511215   81        -1.0        24.5     0.135802    76.049383    0.061728    7.901235    0.000000
11   8976665322   71        -1.0        24.3     0.084507    37.183099    0.056338    6.366197    0.000000
12   8976751962   77        -1.0        18.0     0.012987     6.753247    0.038961    6.350649    0.012987
13   8976806033   61        -1.0        12.5     0.081967    44.590164    0.016393    3.360656    0.000000
14   8977252978   55        -1.0        10.9     0.072727    25.454545    0.072727    3.527273    0.000000
15   8977325814    0         NaN         NaN          NaN          NaN         NaN         NaN         NaN
16   8977476867   61        -1.0        27.0     0.147541    80.000000    0.049180   12.049180    0.032787
17   8977913355   84        -1.0        12.6     0.083333    54.285714    0.035714    3.333333    0.000000
18   8978023576   88        -1.0        23.7     0.056818    22.272727    0.056818    5.715909    0.011364
19   8978916284   70        -1.0        13.6     0.100000    47.428571    0.085714   10.228571    0.014286
20   8978986214   65        -1.0        17.6     0.092308    40.000000    0.046154    6.276923    0.000000
21   8979131280   80        -1.0        22.5     0.075000    37.000000    0.037500    5.537500    0.000000
22   8979241530   61        -1.0        10.3     0.131148    72.131148    0.032787    3.081967    0.000000
23   8979344496   76        -1.0        24.5     0.078947    36.052632    0.078947    6.907895    0.000000
24   8986344478   70        -1.0        23.4     0.114286    51.428571    0.028571    4.171429    0.000000
25   8986344478   71         4.0       915.8     0.915493  1263.661972    1.816901  300.535211    0.000000
26   8986549600   82        -1.0        24.1     0.097561    59.024390    0.073171    5.682927    0.012195
27   8980293569   60        -1.0        17.8     0.100000    38.666667    0.033333    9.250000    0.000000
28   8980358113   68        -1.0        28.7     0.117647    65.588235    0.088235    7.147059    0.000000
29   8980463789   69        -1.0        30.4     0.144928    86.956522    0.101449    2.594203    0.014493
30   8980569936   66        -1.0        14.1     0.090909    50.909091    0.030303    4.803030    0.000000
31   8980769413   64        -1.0        16.8     0.171875    75.000000    0.046875    6.875000    0.000000
32   8982015595   82        -1.0        14.2     0.073171    29.268293    0.012195    3.121951    0.000000
33   8982107035   72        -1.0        10.4     0.041667    28.888889    0.041667    4.291667    0.000000
34   8982458661   68        -1.0        16.2     0.102941    56.470588    0.029412    3.735294    0.014706
35   8982647578   79        -1.0        22.9     0.113924    55.696203    0.012658   10.860759    0.025316
36   8983535695   68        -1.0        17.2     0.102941    54.705882    0.088235    1.926471    0.000000
37   8983625161   82        -1.0        13.6     0.109756    74.634146    0.073171    4.841463    0.000000
38   8983925037   85        -1.0        29.6     0.141176    73.882353    0.070588    5.282353    0.000000
39   8984433236   57        -1.0        16.6     0.210526   108.070175    0.070175   10.052632    0.017544
40   8984433236    0         NaN         NaN          NaN          NaN         NaN         NaN         NaN
41   8985409048   64        -1.0        28.4     0.062500    32.187500    0.062500    6.265625    0.015625
42   8985523697   60        -1.0        16.5     0.133333    60.666667    0.050000    6.450000    0.000000
43   8985610197   67        -1.0        20.1     0.074627    44.179104    0.029851    5.268657    0.000000
44   8985721401   56        -1.0        13.1     0.178571    98.571429    0.000000    4.607143    0.000000
45   8985886048   56        -1.0        23.0     0.071429    45.000000    0.017857    4.589286    0.000000
46   8987082716   63        -1.0        22.7     0.126984    61.587302    0.000000    7.873016    0.000000
47   8987146774   72        -1.0        22.0     0.083333    48.888889    0.013889    8.680556    0.013889
48   8987265771   63        -1.0        19.2     0.079365    45.714286    0.000000    8.968254    0.000000
49   8987356699   76        -1.0        22.3     0.092105    70.526316    0.065789    7.552632    0.013158
50   8987734661   66        -1.0        15.7     0.075758    41.212121    0.060606    6.712121    0.000000
51   8987833085   67        -1.0        19.5     0.104478    47.164179    0.029851    7.850746    0.014925
52   8987965402   67        -1.0        17.6     0.104478    62.686567    0.074627    2.820896    0.000000
53   8988557865   64        -1.0        20.0     0.078125    55.625000    0.000000    5.062500    0.015625
54   8988636430   81        -1.0        14.7     0.086420    41.975309    0.074074    4.419753    0.000000
55   8988787181   70        -1.0        22.5     0.100000    66.285714    0.071429    7.028571    0.000000
56   8988904409   90        -1.0        26.3     0.088889    49.111111    0.044444   10.511111    0.000000
57   8989163978   57        -1.0         8.7     0.087719    62.456140    0.035088    2.561404    0.000000
58   8989317361   77        -1.0        18.6     0.168831    90.389610    0.064935    8.948052    0.012987
59   8989511448   54        -1.0        15.2     0.092593    54.074074    0.055556    4.888889    0.000000
60   8989587398    0         NaN         NaN          NaN          NaN         NaN         NaN         NaN
61   8989644322   65        -1.0        19.4     0.061538    31.384615    0.030769    7.276923    0.000000
62   8990197396   65        -1.0        14.9     0.138462    69.538462    0.076923    4.538462    0.000000
63   8990285196   66        -1.0        12.6     0.106061    47.878788    0.000000    2.803030    0.000000
64   8990366825   65        -1.0        25.8     0.092308    38.769231    0.015385    5.692308    0.015385
65   8990713284   80        -1.0        18.3     0.100000    52.500000    0.075000    7.012500    0.000000
66   8990817413   79        -1.0        21.1     0.126582    59.746835    0.050633    6.392405    0.012658
67   8990903199   87        -1.0        14.7     0.045977    19.310345    0.011494    2.988506    0.000000
68   8991020791   76        -1.0        13.2     0.078947    43.157895    0.052632    4.328947    0.000000
69   8991067333   66        -1.0        14.2     0.045455    21.818182    0.015152    5.181818    0.000000
70   8998499092  100        -1.0        18.0     0.080000    41.600000    0.060000    5.130000    0.000000
71   9001194036   95        -1.0        17.1     0.073684    33.263158    0.052632    2.221053    0.000000
72   9001248127   80        -1.0        24.0     0.112500    54.500000    0.075000    6.575000    0.000000
73   9001305683  100        -1.0        15.8     0.110000    56.000000    0.080000    4.920000    0.000000
74   9001373364   65        -1.0        30.7     0.107692    52.307692    0.061538   13.430769    0.030769
75   8994691423   60        -1.0        27.2     0.166667    80.666667    0.050000   13.200000    0.016667
76   8994796331   69        -1.0        25.9     0.072464    32.463768    0.043478    3.811594    0.028986
77   8994679957   76        -1.0        19.3     0.144737    73.157895    0.065789    5.868421    0.000000
78   8994767452   80        -1.0        21.9     0.087500    47.000000    0.062500    5.300000    0.012500
79   8986031134   56        -1.0        17.3     0.178571    95.000000    0.000000    6.589286    0.017857
80   8986194009   71        -1.0        17.5     0.112676    65.915493    0.042254    7.535211    0.000000
81   8994936160   66        -1.0        15.9     0.045455    25.454545    0.030303    5.469697    0.000000
82   8995038826   62        -1.0        14.6     0.129032    76.129032    0.032258    5.919355    0.000000
83   8995417611   61        -1.0        22.0     0.098361    59.672131    0.016393    5.803279    0.000000
84   8995582836   71        -1.0        16.4     0.056338    18.028169    0.014085    8.929577    0.000000
85   8995710809   68        -1.0        21.9     0.117647    73.823529    0.102941    5.000000    0.000000
86   8996581680   64        -1.0        27.3     0.046875    20.000000    0.046875   12.062500    0.015625
87   8996835842   73        -1.0        19.9     0.027397    10.958904    0.082192    4.534247    0.000000
88   8996973546   62        -1.0        15.4     0.064516    30.322581    0.016129    3.129032    0.000000
89   8994387089   59        -1.0        29.0     0.135593    76.610169    0.016949    5.830508    0.016949
90   8994445898   61        -1.0        12.1     0.114754    63.606557    0.016393    7.147541    0.000000
91   8994944191   68        -1.0        35.7     0.117647    51.176471    0.014706    6.029412    0.000000
92   8995085405   68        -1.0        11.3     0.088235    32.941176    0.014706    3.029412    0.000000
93   8996259155   61        -1.0        16.9     0.131148    64.918033    0.016393    3.278689    0.032787
94   8996322528   73        -1.0        15.3     0.082192    50.958904    0.000000    5.767123    0.000000
95   8996384883   80        -1.0        15.7     0.075000    64.000000    0.087500    3.187500    0.000000
96   8996439080   66        -1.0        20.5     0.090909    44.848485    0.030303   12.106061    0.015152
97   8996565323   64        -1.0        17.0     0.109375    56.875000    0.031250    3.640625    0.000000
98   8996644979   81        -1.0        19.9     0.098765    72.592593    0.098765    3.530864    0.000000
99   8996772760   56        -1.0         9.2     0.125000    62.142857    0.000000    2.107143    0.000000
100  8996904414   96        -1.0        12.3     0.062500    35.416667    0.031250    5.333333    0.000000
101  8991632572    0         NaN         NaN          NaN          NaN         NaN         NaN         NaN
102  8991817744   63        -1.0        23.6     0.063492    39.365079    0.047619    6.047619    0.000000
103  8992034384   70        -1.0        17.6     0.128571    73.428571    0.057143    5.414286    0.000000
104  8992196498   72        -1.0        24.9     0.083333    40.833333    0.027778   10.194444    0.000000
105  8992269821   73        -1.0        20.0     0.068493    37.260274    0.054795    8.205479    0.000000
106  9007993994   59        -1.0        21.9     0.152542   175.932203    0.000000    8.610169    0.033898
107  9008150824   72        -1.0        26.5     0.138889    82.500000    0.027778    9.083333    0.000000
108  8999157666   68        -1.0        25.2     0.176471   103.529412    0.073529    4.779412    0.000000
109  8999268195   71        -1.0        22.3     0.112676    69.295775    0.070423    4.464789    0.000000
110  9000037944   69        -1.0        24.7     0.072464    40.579710    0.028986    5.391304    0.000000
111  9000133362   65        -1.0        24.7     0.092308    51.076923    0.030769    9.153846    0.000000
112  9000737299   73        -1.0        16.9     0.164384    94.520548    0.041096    5.301370    0.000000
113  9000848432   64        -1.0        23.7     0.171875   109.375000    0.000000   11.687500    0.000000
114  9001506087   65        -1.0        13.2     0.123077    67.076923    0.030769    4.738462    0.000000
115  9001640034   77        -1.0        26.4     0.051948    28.571429    0.064935    7.662338    0.000000
116  9001748462   79        -1.0        14.8     0.025316    15.189873    0.063291    2.569620    0.000000
117  9001853600   83        -1.0        19.8     0.132530    73.253012    0.048193    3.337349    0.012048
118  9001985692   79        -1.0        23.5     0.088608    37.974684    0.063291    3.772152    0.025316
119  9002106242   67        -1.0        15.2     0.089552    53.134328    0.029851    5.328358    0.000000
120  9003231861   57        -1.0        27.5     0.087719    47.719298    0.035088    4.385965    0.000000
121  9003349472   62        -1.0        14.2     0.064516    25.161290    0.016129    3.193548    0.000000
122  9003520141   79        -1.0        15.0     0.088608    49.620253    0.012658    5.177215    0.000000
123  9004282872   77        -1.0        16.0     0.103896    58.181818    0.038961    4.493506    0.012987
124  9004373048   78        -1.0        14.0     0.141026    80.512821    0.064103    4.589744    0.000000
125  9004496825   67        -1.0        13.6     0.059701    24.477612    0.044776    4.820896    0.000000
126  9004612715   94        -1.0        20.3     0.106383    41.702128    0.053191    8.734043    0.010638
127  9004809371   61        -1.0        26.1     0.098361    57.704918    0.016393    7.049180    0.016393
128  9004969180   69        -1.0        12.8     0.043478    23.188406    0.014493    3.072464    0.000000
129  9006049388   66        -1.0        25.9     0.075758    48.181818    0.030303    6.712121    0.000000
130  9006135810   66        -1.0         9.8     0.090909    47.272727    0.045455    4.651515    0.000000
131  9006255578   71        -1.0         7.1     0.056338    36.619718    0.084507    2.042254    0.000000
132  9006400787   72        -1.0        15.8     0.069444    37.777778    0.027778    2.569444    0.000000
133  9006573911   65        -1.0        15.8     0.061538    35.076923    0.046154    3.676923    0.000000
134  9006696478   71        -1.0        13.4     0.056338    30.422535    0.014085    4.309859    0.000000
135  9003685896   78        -1.0        11.8     0.038462    19.487179    0.038462    3.089744    0.000000
136  9003798872   59        -1.0        26.9     0.118644    53.559322    0.016949    7.372881    0.000000
137  9003856182   76        -4.0       583.5     0.671053   394.210526    0.065789   32.421053    0.000000
138  9008670336   62        -1.0        18.5     0.080645    44.516129    0.032258    7.548387    0.000000
139  9008779767   81        -1.0        17.4     0.098765    46.913580    0.012346    6.000000    0.000000
140  9008852189   77        -1.0        27.0     0.025974    17.662338    0.064935    3.922078    0.000000
141  9001326671   81        -1.0         9.1     0.111111    62.222222    0.049383    3.654321    0.000000
142  9001374389   73        -1.0        29.7     0.109589    57.534247    0.041096    7.684932    0.013699
143  9002216047   77        -1.0        15.2     0.142857    76.883117    0.038961    4.324675    0.000000
144  9002332227   72        -1.0        17.6     0.069444    33.333333    0.083333    6.180556    0.000000
145  9002951361   58        -1.0        19.2     0.172414   100.000000    0.051724    8.810345    0.000000
146  9003079963   59        -1.0        14.9     0.186441   103.050847    0.016949    7.288136    0.000000
147  9006987731   59        -1.0        12.0     0.152542    77.966102    0.000000    4.796610    0.000000
148  9005123547   69        -1.0        27.0     0.072464    42.898551    0.014493    4.333333    0.000000
149  9005202754   85        -1.0        24.4     0.105882    63.058824    0.070588    8.376471    0.000000
150  9007061808   64        -1.0        10.2     0.156250    68.750000    0.031250    3.343750    0.000000
151  9007146751   76        -1.0        24.1     0.052632    20.000000    0.065789    6.210526    0.000000
152  9008403049   74        -1.0        15.7     0.067568    25.405405    0.067568    4.783784    0.000000
153  9008530635   68        -1.0        15.6     0.117647    58.823529    0.014706    7.176471    0.000000

shift histogram: {-4.0: np.int64(1), -1.0: np.int64(147), 4.0: np.int64(1)}
n              68.688312
nw_adv_mae     32.787919
xp_mismatch     0.108450
xp_mae         64.212358
deaths_mae      0.054544
top1_mae        8.105093
paused_pct      0.004514
dtype: float64
